Station	Year 	Stats_Code	Jan	Feb	Mar	Apr	May	Jun	Jul	Aug	Sep	Oct	Nov	Dec	Annual
26170	2010	0	63.8	19	20.8	42.6	221.4	94.6	40.9	111.5	18.2	31.4	62.6	63.2	790
26170	2010	2	15.7	16.5	15.2	13.2	9	5.7	5.2	7.6	9.8	11.3	14.7	16.6	11.7
26170	2010	16	13	13.4	11.3	10.5	9.7	7.3	6.8	8.7	8.2	9.1	12.4	13.1	10.3
26170	2010	33	3.7	3.2	3.9	3.4	3.3	3	2.5	3.3	4.4	4	3.4	4	3.5
26170	2010	60	14	6	-	9	7	8	-	-	17	7	7	15	-
26170	2010	61	2.9	2.3	3	3.2	2.6	1.7	1.6	1.7	2.7	2.8	3.4	3.8	4.8
4271	2010	0	97.2	28.6	31	28.6	137.8	153.2	29	126.8	123.2	5.6	22.6	183.4	967
4271	2010	2	18.4	19.4	17.2	14.5	12	9	7.9	9.8	10.9	12.4	16	18.2	13.8
4271	2010	16	14.9	15.8	12.9	12.1	11.3	9.3	8.1	10.2	10.1	10.3	13.6	15.2	12
4271	2010	33	3.7	3.2	4.2	3.1	2.4	2.5	1.9	2.5	3.8	3.8	3.5	4.7	3.3
4271	2010	60	-	7	19	9	4	10	4	4	17	10	9	14	-
4271	2010	61	2	1.2	2.1	1.6	2.1	2.1	1.7	1.5	2.1	1.7	2.7	1.8	4.2
4326	2010	0	61.2	10.6	44.2	5.4	190.6	195.9	66.6	114.8	141.2	26.2	33.4	126.3	1016.4
4326	2010	2	18.3	17.9	16.4	14.2	10.8	8.2	6.9	9.4	11.1	11.4	15.3	18	13.2
4326	2010	16	13.3	14	11.5	11	10.7	8.7	7.4	9.5	9.6	10	12	14.3	11
4326	2010	33	4.1	3.6	4.3	4.1	2.5	2.8	2.6	3.1	5	4.3	3.8	4.5	3.7
4326	2010	60	13	-	18	13	4	6	2	5	19	16	9	-	-
4326	2010	61	2.3	2.1	2.4	3	2.4	1.9	1.9	2	2.5	2.3	3.4	2.9	4.6
7342	2010	0	165	113.8	100.9	134.2	109.5	201	111.6	159.5	316.4	111.6	41.8	242.4	1807.7
7342	2010	2	16.5	17.8	15.3	14	11.8	9.9	9.3	10.3	10.5	11.5	14.4	16.6	13.2
7342	2010	16	15.4	16.1	14.1	13.5	11.2	9.5	8.6	10.6	11.1	11.1	13.4	16	12.6
7342	2010	33	4.4	4.2	4	4.1	4.1	4.1	3.5	4.1	5.8	4.6	4.7	5	4.4
7342	2010	60	-	10	13	-	9	12	6	11	19	12	15	13	-
7342	2010	61	2.3	1.8	1.6	1.5	1.8	1.8	1.5	1.6	1.8	1.7	1.9	1.4	3.3
26170	2011	0	49.8	55.4	53.3	88.2	88.1	35.6	25.9	55.2	48.1	108.2	77.2	71.2	756.2
26170	2011	2	15.8	16.2	14.4	10.7	10.4	6.4	5.2	6.3	8.3	10.6	12.5	14.8	11
26170	2011	16	13.8	13.7	12.5	10.4	9.9	8	6.1	7.1	8.1	10	10.2	12.5	10.2
26170	2011	33	3.6	3.8	3.6	3	2.8	2.6	3.5	3.3	3.4	4	4	3.5	3.4
26170	2011	60	11	12	10	8	6	4	14	9	8	-	-	6	-
26170	2011	61	3.2	3.6	3	2.6	2.1	1.9	2.2	2.7	2.1	3.1	2.8	3.1	4.6
4271	2011	0	47.4	10.6	44.4	87.4	226.8	124.8	64.6	14.8	33.4	174.2	61.4	445.6	1335.4
4271	2011	2	18.6	19.4	16.7	13.7	13.7	10.4	7.5	8.1	10.2	13	14.6	16.7	13.6
4271	2011	16	14.8	15.5	13.9	11.8	12.9	10.4	7.7	8.2	9.1	11.7	11.4	15.6	11.9
4271	2011	33	4.1	3.6	3.2	3	4.4	2.6	2.5	2.5	3.3	3.5	4.5	3.4	3.4
4271	2011	60	15	6	6	10	17	8	9	6	11	9	15	6	118
4271	2011	61	1.7	1.8	1.9	1.9	2.3	2.1	1.6	1.9	1.3	2	2	1.6	4.1
4326	2011	0	47.8	15	41.6	67.2	137.6	75.4	41.4	42.4	40.6	105.3	58.2	99.3	771.8
4326	2011	2	17.7	18.2	15.8	12.1	12.2	8.7	6.8	7.5	9.1	12.3	14	15.4	12.5
4326	2011	16	14.4	14.6	13	10.9	11.6	9.3	7	7.4	8.7	11.1	11.1	13.7	11.1
4326	2011	33	4.4	3.9	3.5	3	3	2.3	3.5	3.1	3.5	3.3	4.6	3.4	3.5
4326	2011	60	16	14	8	9	10	3	11	9	8	7	19	6	120
4326	2011	61	3.4	3.3	2.9	2.6	2.6	2.3	1.8	2.9	1.6	2.9	2.7	2.8	4.6
7342	2011	0	125	96.6	177.5	258.4	250.6	138.7	177	68.9	126	164.4	179.8	314.8	2077.7
7342	2011	2	17.1	16.6	15.6	13.7	13.3	10.8	8.7	9	10.2	12.9	13	16.3	13.1
7342	2011	16	15.4	16.1	14.2	12.2	13.4	10.8	8.5	9.2	10.1	12.1	12.4	16	12.5
7342	2011	33	4.5	4.1	4.1	4.3	4.6	3.6	5.1	3.7	4.3	4.6	5.5	4.2	4.4
7342	2011	60	-	9	-	16	-	12	14	8	14	12	18	9	-
7342	2011	61	1.3	1.7	1.5	2.1	2.3	1.7	1.6	1.8	1.1	1.7	1.3	1.6	3.3
26170	2012	0	54.5	85.2	61.2	52.8	15.6	57.5	50.9	142.3	19.2	111.4	97.8	49.8	798.2
26170	2012	2	15	14.8	12.8	11.3	7.9	5.1	5.6	8	9.4	10.5	11	15.9	10.6
26170	2012	16	11.9	13.3	11	10.8	8.1	6.5	6.8	9.1	8.4	8.9	10.3	12.7	9.8
26170	2012	33	3.6	3.3	3.5	2.6	2.9	3.4	2.4	3.1	4.4	3.9	3.4	3.6	3.3
26170	2012	60	11	2	9	3	7	9	2	7	13	16	9	10	98
26170	2012	61	2.9	2.2	2.7	1.9	2	2.2	2.4	1.9	3.1	2.6	3	2.9	4.3
4271	2012	0	12.4	74.2	47.6	49.2	29.6	172	66.2	131.2	134	60.8	23.8	35.9	836.9
4271	2012	2	17.9	17.8	15.8	14	10.4	8	8.5	10.2	10.8	12.6	14.1	18	13.2
4271	2012	16	13.9	14.3	12	11.5	9.4	8.2	8.3	10	10	9.7	10.2	14.4	11
4271	2012	33	4.2	3.5	3.4	2.5	2.5	2.8	2.3	2.1	3.7	4.7	4.3	4.2	3.4
4271	2012	60	15	-	11	6	7	12	6	4	12	22	11	-	-
4271	2012	61	1.7	1.5	1.7	1.4	1.9	2	2.4	1.5	2	1.6	2.2	2.7	4.1
4326	2012	0	24.8	39	51.4	30.4	46	108.8	83	114.2	44.6	74.2	15.2	35.8	667.4
4326	2012	2	17.3	16.8	14.5	12.6	9	6.7	7.5	9.3	10.4	12.3	13.2	17.7	12.3
4326	2012	16	13	13.5	11.5	11.5	8.8	7.4	7.9	9.7	9.6	9.7	10.4	13.3	10.5
4326	2012	33	4.2	3.6	3.9	3.3	2.5	3.1	2.8	2.8	4.1	4.7	3.7	4.8	3.6
4326	2012	60	16	-	12	-	4	9	3	2	12	19	10	-	-
4326	2012	61	2.8	2.6	2.7	1.8	2.3	2.4	2.4	1.7	2.7	2.5	3.4	3	4.5
7342	2012	0	152.6	140.6	93.2	123.8	127	262.9	144	172.8	264.8	295.7	68.4	187.6	2033.4
7342	2012	2	16	17.3	15.4	14.3	11.4	9.5	10.1	10.9	10.9	11.4	12.4	15.5	12.9
7342	2012	16	14.2	16.7	13.6	13.3	11.1	9.4	8.7	10.1	11	11.6	11.4	15.1	12.2
7342	2012	33	4.9	4.1	4.1	4.1	3.7	5	4.3	3.8	5.7	6.2	4.9	4.6	4.6
7342	2012	60	15	7	11	9	8	-	-	10	20	-	19	13	-
7342	2012	61	1.9	1.1	2.1	1.4	1.9	1.5	1.9	1.6	2	1.6	1.2	2.1	3.2
26170	2013	0	73.1	24.6	39.9	93.6	103.1	223.9	26.6	33	41	69.8	32	81.2	841.8
26170	2013	2	16.6	15.9	15.3	11.6	8.9	5.9	7.6	8.6	9.2	12.2	13.8	15.6	11.8
26170	2013	16	12.5	13.4	12.9	11.3	8.9	7.5	6.9	8.6	8.9	9.4	12.2	13.1	10.5
26170	2013	33	3.9	3	2.9	2.8	3.3	3.2	3.4	3.3	3.6	4.5	3.6	3.2	3.4
26170	2013	60	12	4	2	7	9	7	7	8	11	14	5	9	95
26170	2013	61	3.4	2.8	2.3	2.7	2.4	2.9	3.1	2.3	2.4	3.5	2.6	2.4	4.5
4271	2013	0	112.6	28.4	62	194.6	93.8	136.8	19.4	59	89.2	73.4	43.8	76	989
4271	2013	2	17.9	18.2	17.9	14.8	11.2	9.1	8.4	10.4	11.1	13.4	16.3	17.9	13.9
4271	2013	16	14	14.9	14.7	13.1	10.6	9.2	8.5	10.2	10.3	11.5	13.8	14	12.1
4271	2013	33	4.7	3.2	2.9	2.7	2.1	2.2	2.7	2.5	3.6	4.3	3.5	4.2	3.2
4271	2013	60	18	4	5	9	4	9	8	7	12	18	9	15	118
4271	2013	61	1.6	1.5	1.4	1.7	2.2	2.3	1.8	1.6	2.6	1.8	2	1.6	4
4326	2013	0	69.4	30.4	27.2	97	102.4	112.6	34.2	74.2	77.8	65	45	23.4	758.6
4326	2013	2	17.9	16.9	16.4	14.2	10.3	8.2	8.2	9.9	10.7	13.4	15.3	17.7	13.3
4326	2013	16	13.2	13.7	13.5	12	9.6	8.6	7.8	9.8	9.8	10.7	12.6	13	11.2
4326	2013	33	4.7	3.1	3.5	3.5	2.6	2.5	3.4	3.2	4.1	4.7	3.8	4.2	3.6
4326	2013	60	16	7	13	8	5	2	10	8	14	18	-	20	-
4326	2013	61	2.7	2.5	1.8	2.5	2.6	3	2.7	2	2.6	2.7	2.9	2.3	4.3
7342	2013	0	200.5	41	74.5	279.5	141.8	259.6	135.4	171	174.8	307.2	73.8	164.6	2023.7
7342	2013	2	16	16.9	16.7	14.2	12	10.2	9.5	11.2	11.2	12	15.5	15.9	13.4
7342	2013	16	15.6	15.9	15.7	14.2	11.3	10	10	11	11.7	12.6	14.1	15.1	13.1
7342	2013	33	5	4.4	4	3.9	3.8	4.2	4.3	4	5	5.5	3.9	4.6	4.4
7342	2013	60	19	14	8	13	-	9	10	14	16	19	4	12	-
7342	2013	61	1.8	1.2	1.1	1.5	2.1	2	1.7	1.4	1.9	1.6	1.9	1.8	3.1
26170	2014	0	33.8	61.8	85.6	-	-	-	-	-	-	-	-	-	-
26170	2014	2	15.3	16.5	13.3	11.6	9.6	7	5.9	6.5	8.7	10.8	12.9	15.4	11.1
26170	2014	16	11.2	13.4	12.2	12.2	8.6	7.8	6.7	7.2	8.7	8.8	8.7	12.6	9.8
26170	2014	33	4.4	3.4	3.4	3.1	3.4	2.4	3.5	3.5	3.6	4.1	4.7	3.9	3.6
26170	2014	60	-	10	8	8	10	5	-	10	8	-	16	9	-
26170	2014	61	3.2	3	2.4	2.7	2.9	1.9	3.1	2.8	2.2	2.9	4	3.9	4.5
4271	2014	0	81.4	43.6	99.4	-	63.4	141.8	47.8	-	69.4	30	-	124	-
4271	2014	2	16.9	18.2	15.9	14.9	11	10	7.5	8.5	11.3	12.7	13.9	17.1	13.2
4271	2014	16	12.9	14.9	12.9	13.5	10.5	10	7.9	8.6	10.1	10.7	10.3	15	11.4
4271	2014	33	4.4	3.6	3.2	2.8	2.3	2.6	2.2	2.7	3.2	4	4.6	4.1	3.3
4271	2014	60	16	9	6	7	6	10	7	8	9	15	19	14	126
4271	2014	61	1.4	1.8	2.2	2.3	2.4	1.7	2	1.7	1.9	2.2	2.8	2.3	3.9
4326	2014	0	82.8	17.6	32	156	25.8	106.2	19.6	26	40	21.2	21	43.6	591.8
4326	2014	2	16.9	17.4	15	14.2	10.7	9.8	6.6	8	10.9	12.4	14.5	17	12.8
4326	2014	16	11.9	13.6	12.1	13	9.5	9.4	7.2	8.1	9.3	9.5	8.9	13.3	10.5
4326	2014	33	4.5	4.1	3.4	2.7	3.5	3.3	2.8	3.1	3.6	4.7	5.6	4.3	3.8
4326	2014	60	17	14	11	4	12	6	3	6	11	18	21	15	138
4326	2014	61	2.3	2.4	3.2	2.2	2.7	1.8	2.6	2.5	2.3	2.3	3.8	3.9	4.4
7342	2014	0	138.2	71.6	-	-	264.2	226	155.2	123	173.8	-	208.6	272.8	-
7342	2014	2	14.9	16.8	15.1	14.9	11.9	11.2	8.8	9.4	11.5	12	12.2	16	12.9
7342	2014	16	14.5	16	13.9	14.3	11.9	10.7	8.5	9.4	10.9	12	11.8	16.1	12.5
7342	2014	33	5.1	4	3.9	4.5	4.3	4.5	3.9	4.1	4.7	5.6	5.3	4.4	4.5
7342	2014	60	18	10	12	11	10	16	9	10	14	18	20	9	157
7342	2014	61	1.4	1.6	2.2	2	2.1	2	2.1	1.7	1.7	1.5	1.8	2.3	3.1
26170	2015	0	-	-	-	-	6.8	87	33.4	66	57.8	16.6	12.6	59.6	-
26170	2015	2	17.2	15.9	15.1	12.1	8.5	6.4	5.4	5.9	7.8	11.8	12.9	14.7	11.1
26170	2015	16	13.7	12.1	12.7	10.8	7.9	6.6	6.4	7.2	8.1	9.2	9.6	11.7	9.7
26170	2015	33	3.6	3.6	3.3	3.5	3.4	3.5	3.5	3	3.4	4.3	4.1	3.8	3.6
26170	2015	60	8	10	-	11	15	14	15	8	8	14	14	10	-
26170	2015	61	3.1	3.3	2.7	3.5	3.3	3.3	2.9	2.7	3.1	3.1	4.3	3.9	5.2
4271	2015	0	13.4	37	74.2	128	33.4	111.2	71.4	50	60.6	30.2	26.2	48.4	684
4271	2015	2	18.8	17.5	17.3	14.3	10.7	8.8	7.3	8.4	10.2	13.6	14.1	16.7	13.1
4271	2015	16	15.5	14.1	15.2	13.3	10.2	9	8.1	9.2	9	10	10.9	12.6	11.4
4271	2015	33	3.5	3.1	3.2	3.1	3	3.2	2.6	2.6	3.1	4.4	4.1	4.4	3.4
4271	2015	60	7	7	5	7	10	11	5	5	9	18	11	16	111
4271	2015	61	1.6	1.9	1.9	2.4	2.9	2.5	2.1	2.4	2	1.8	2.3	2.1	4.4
4326	2015	0	4.2	15.2	41.4	71.4	29	97.8	53.2	71	71.6	11.2	4.8	25	495.8
4326	2015	2	18.7	17.1	16.7	13.6	10.3	8.1	6.7	8.4	9.2	13	14.4	15.9	12.7
4326	2015	16	14	12.9	13.6	12.1	8.9	8.1	7.1	8.5	8.7	9.5	10	11.4	10.4
4326	2015	33	3.8	3.8	3.4	3.5	3.6	3.8	2.9	3.5	3.6	4.7	5.1	4.3	3.8
4326	2015	60	11	12	11	9	12	14	6	6	9	-	21	17	-
4326	2015	61	2.3	3.1	2.9	3.2	3.9	3	2.5	2.9	2.5	2.7	3.6	2.6	4.9
7342	2015	0	56	98.6	242.2	248.6	228	243.2	207.8	246	103.2	186.8	78.4	203.6	2142.4
7342	2015	2	17.4	16.5	17	14.6	11.4	9.7	8.2	9.3	10.4	11.9	13.1	14.1	12.8
7342	2015	16	16.2	16	15.9	14.2	12.2	10.2	8.7	9.9	9.5	12	12.8	13.9	12.6
7342	2015	33	4.3	4	4.1	4.8	4.4	4.9	3.9	4.3	4.3	5.3	4.3	4.6	4.4
7342	2015	60	11	10	9	15	18	15	13	15	7	20	9	15	157
7342	2015	61	1.8	1.9	1.5	2.4	2.2	2.2	1.8	2	1.8	1.2	1.7	1.7	3.5
26170	2016	0	99.2	5.6	46.2	20.8	102.4	-	26.6	66.2	21	60.8	-	62.4	-
26170	2016	2	15.4	18.4	15.5	12.2	10.7	7.6	6.1	6	9.3	11	13.1	14.5	11.7
26170	2016	16	13.2	14.3	12.3	10.6	9.3	8.1	6.6	7.3	10.1	10.2	11.3	11.5	10.4
26170	2016	33	3.4	3.6	3.6	2.9	3.9	2.9	3.3	3.1	3.4	3.6	3.9	3.9	3.5
26170	2016	60	4	9	6	6	15	-	11	7	8	11	-	14	-
26170	2016	61	3.5	3	3.7	2.5	3.9	2.7	2.2	2.9	2.3	2.9	2.8	2.8	4.8
4271	2016	0	153.8	100.6	158.2	43.2	166	148.8	92.4	-	45.4	182.6	110.4	71.8	-
4271	2016	2	19	20.2	17.6	14.4	12.4	9.6	7.9	7.8	11.1	13.2	14.9	16.2	13.7
4271	2016	16	15.6	16.4	14.1	11.9	11.8	9.9	7.9	8.3	10.6	11.1	12.2	13	11.9
4271	2016	33	4.3	3.9	3.1	2.7	2.5	2.3	3.1	2.1	2.5	4	4.8	4.6	3.3
4271	2016	60	8	10	7	6	8	6	12	5	5	14	19	-	-
4271	2016	61	1.9	1.2	2.6	1.9	2.8	2.3	1.4	2.1	2.6	2.2	2.2	1.5	4.5
4326	2016	0	97	27.8	58.6	24.8	117.6	74.4	50.6	36.8	40.6	79.2	96.8	-	-
4326	2016	2	18.7	19.7	16.8	13.3	11.8	9.2	7.7	7.5	11	13	14.9	16	13.3
4326	2016	16	14	15.2	12.9	11.5	10.6	8.9	7.4	7.9	10.2	10.4	11.8	12.2	11.1
4326	2016	33	4.4	4.1	3.4	3	3.6	2.9	4.1	2.7	3.5	4	4.5	4.4	3.7
4326	2016	60	14	11	7	7	11	3	17	1	9	15	-	-	-
4326	2016	61	2.9	1.9	2.8	2.5	3.6	2.7	1.8	2.4	2.7	2.7	2.4	2.6	4.7
7342	2016	0	227.2	146.8	215.8	102.2	370.2	252.4	290	122	155.2	163.2	201	267.8	2513.8
7342	2016	2	17.4	18.6	16.9	13.9	12.6	10.8	9	8.7	11.7	12.3	13.6	14.1	13.3
7342	2016	16	16.7	18	16.1	13.3	13.2	10.7	9.2	9.1	11.8	12.4	13.2	13.8	13.1
7342	2016	33	4.1	4.3	3.8	4	4.7	4.1	5.4	4.1	4.3	4.8	5.7	5.1	4.5
7342	2016	60	8	12	3	12	18	10	19	12	7	19	23	14	157
7342	2016	61	1.7	1.3	2	1.6	2.3	1.7	1.4	1.8	2.4	1.4	1.5	1.6	3.6
26170	2017	0	60.4	13.2	114.2	147	39.6	47.2	220.8	98	71	53.4	6	59.6	930.4
26170	2017	2	15.7	16.4	14	11.4	7.3	6.1	5.1	8.2	9.9	11.5	13.7	17.2	11.4
26170	2017	16	11.8	13	12.7	11.8	8.4	7.5	6.9	8.4	9.4	10.4	11.7	12.9	10.4
26170	2017	33	4.4	3.3	2.8	2.8	2.4	2.7	3.2	3.1	4	3.1	3.2	3.6	3.2
26170	2017	60	21	8	1	5	4	-	6	7	-	8	7	10	-
26170	2017	61	3.5	3.1	2.6	2.7	1.9	2	1.9	2.8	2.9	2.1	2.7	3.4	4.7
4271	2017	0	70	26.4	94	185.2	115.6	58.8	136.2	103.6	86.2	81.4	-	9.8	-
4271	2017	2	17.3	18	17.4	14.4	10.5	8.8	7.9	9.4	11.1	13.9	15.3	19	13.6
4271	2017	16	13.6	15.7	14.7	14.1	10.4	8.7	8.7	10.4	11.1	11.7	13.2	14.7	12.3
4271	2017	33	4.8	3.2	3.1	2.6	2.2	2.2	2.4	2.3	3.2	3.9	3.8	3.9	3.1
4271	2017	60	20	7	11	7	7	5	4	4	8	11	-	11	-
4271	2017	61	2.1	2.2	1.8	1.7	2	1.5	2.3	2	2.2	1.5	1.8	1.9	4.2
4326	2017	0	27.4	41.4	48.2	130	78	27.2	73.2	76.8	61.8	38	-	30.2	-
4326	2017	2	18.2	17.8	16.1	13.4	9.5	7.8	7.1	9.3	11	13.1	14.5	18.3	13
4326	2017	16	12.5	14.4	14.3	12.9	9.5	8.1	7.7	9.5	10.2	11.2	12.2	13.8	11.4
4326	2017	33	5.5	4	2.8	2.9	2.9	2.5	2.7	3.2	3.8	3.8	3.9	4.2	3.5
4326	2017	60	22	10	4	3	5	4	5	5	13	13	-	12	-
4326	2017	61	3.3	3.1	2.2	2.2	2.1	1.6	2	2.5	2.4	2.1	2.8	2.9	4.6
7342	2017	0	271.8	105.4	139.4	224.4	213	143.2	159.6	189.6	236.2	158.6	68	54.6	1963.8
7342	2017	2	14.8	16.2	16.3	14.6	11.9	10.2	9.1	10.7	11.1	12.9	14.9	17.5	13.3
7342	2017	16	15	16.5	15.1	14.3	11.2	9.9	8.8	10.9	11.5	12.7	14	15.6	13
7342	2017	33	5.2	4	3.8	3.8	4.1	3.8	4.1	4	4.6	4.5	4.7	4.2	4.2
7342	2017	60	15	6	7	-	-	8	12	10	14	15	12	9	-
7342	2017	61	1.4	1.9	1.3	1.6	1.9	1.1	1.7	1.6	1.7	1.6	2.2	1.4	3.1
26170	2018	0	114.4	188.2	-	-	36.2	42.8	19.2	34.6	42.6	80	189.2	47.2	-
26170	2018	2	19	16.1	15.3	11.2	8.4	6.2	7	7.4	8.4	10.7	12.7	15.5	11.5
26170	2018	16	16.7	14.1	13.4	10.1	8.5	7.6	7	8.3	8.8	10.4	11.7	14.2	10.9
26170	2018	33	3.4	3.6	3.3	3.8	3.2	2.5	3.3	2.9	3.2	3.2	3.6	3.3	3.3
26170	2018	60	7	11	-	-	11	4	11	6	6	6	8	3	-
26170	2018	61	3.5	3.4	3.2	3.3	3.1	1.8	2.3	1.8	3	3	3.1	2.9	5
4271	2018	0	-	-	117.4	81.4	93	32.6	90.2	118.8	26.8	77.2	27	-	-
4271	2018	2	20.7	18.5	17.2	13.7	11.2	7.9	7.7	9.6	10.7	12.9	14.7	18	13.6
4271	2018	16	19.3	16.1	15.2	11.8	10.9	8	8.7	9.9	9.9	11.7	12.6	15.3	12.5
4271	2018	33	3.4	3.4	2.8	3.1	2.6	1.9	2.2	2.4	3.2	3.6	4.1	3.4	3
4271	2018	60	-	-	8	15	8	6	6	5	8	5	10	-	-
4271	2018	61	1.5	1.6	1.9	2.4	3	2.2	1.4	1.4	1.9	1.8	2.1	1.8	4.6
4326	2018	0	94.8	199	70.2	68.2	105.2	41.2	81	69.8	38.6	37.2	65.6	57.4	928.2
4326	2018	2	20.6	18.1	16.3	12.7	10.4	7.8	8.1	9.2	10.3	12.8	14.7	17.3	13.2
4326	2018	16	18.3	15.1	14.1	11.6	9.6	8.2	8.2	9.2	9.5	10.8	11.9	15	11.8
4326	2018	33	3.1	3.9	3.4	3.4	3.3	2.8	3.5	2.6	3.4	3.7	4.2	3.2	3.4
4326	2018	60	4	10	9	10	11	4	10	3	12	11	12	6	102
4326	2018	61	2	3.1	2.8	3.2	3.1	2.3	2.1	1.5	2.5	2.6	2.9	2.4	4.8
7342	2018	0	110.4	180	187.4	-	260	83.2	270.2	201.4	82	89.2	132.2	99.6	-
7342	2018	2	20.3	18.4	17.5	13.5	11.6	9.7	9.4	10.1	10.7	12.1	14.1	17.2	13.7
7342	2018	16	20.3	17	16.2	13.1	11.2	8.5	10	10.1	10.5	12	12.4	15.5	13.1
7342	2018	33	4.2	4.5	4	4.4	4	3.6	4.3	4	4.3	4.2	4.8	4.5	4.2
7342	2018	60	-	-	8	-	15	9	17	10	11	11	15	11	-
7342	2018	61	1.3	1.4	2.2	2.3	2.5	1.6	1.3	1	1.3	1.6	2.8	1.8	4.1
26170	2019	0	29.2	61	40.2	-	80.6	-	92.2	51	54	65.6	61.4	70.6	-
26170	2019	2	18	17.1	16.8	10.8	10.3	6.2	8	7.4	8.7	9.9	15.1	15.1	11.9
26170	2019	16	15.3	12.7	13.8	10.7	9.5	6.5	7.9	7	8.4	9.4	11.5	11.5	10.3
26170	2019	33	3.6	3.6	3.2	3.1	2.9	2.9	3.1	3.5	3.3	3.6	4.2	4.5	3.5
26170	2019	60	13	12	7	9	8	-	-	10	10	12	15	17	-
26170	2019	61	3.4	4.2	3	2.8	2.3	2	2	1.9	2.8	2.6	4	2.4	4.9
4271	2019	0	6.2	4.6	97.6	41.2	114.8	38.8	164.4	-	118	89.6	65.4	155.6	-
4271	2019	2	20.6	18.6	17.9	13.8	12.4	8.4	8.8	8.7	10.4	12.3	15.4	16.7	13.7
4271	2019	16	15.5	13.8	16.3	12.2	11.4	8.5	9.5	8.4	9.7	10.8	13.3	13.6	11.9
4271	2019	33	4.7	4.3	3.4	3	3.1	2.5	2.8	3.5	3.7	4.4	4.4	5.3	3.8
4271	2019	60	15	11	6	6	11	7	10	13	13	17	16	21	146
4271	2019	61	2.7	2.4	1.4	2	1.7	2.5	1.4	1.8	1.5	2.1	2.2	1.4	4.5
4326	2019	0	18.4	6	77.2	92.8	71.4	22.8	122.8	60.4	72.6	43.4	53.2	101.6	742.6
4326	2019	2	20.4	18.5	17.4	12.5	11.8	7.5	8.7	7.7	10.3	12	16	16.3	13.2
4326	2019	16	14.9	13.3	14.8	12.1	10.4	7.7	8.8	8.1	9.2	9.8	11.7	12.6	11.1
4326	2019	33	4.5	4.4	3.4	2.8	3.4	2.7	3.1	3.5	4	4.4	4.8	4.5	3.8
4326	2019	60	19	17	8	6	11	7	5	8	12	21	18	14	146
4326	2019	61	3.4	3.6	2.5	2.4	2.3	2.3	1.9	2.1	2.5	2.8	2.7	2.3	4.9
7342	2019	0	86.6	70.8	156.8	148.8	-	109.4	258.6	270.6	212.2	178.2	153	241.8	-
7342	2019	2	17.4	17	17.5	14	13	9.2	9.8	9	10.5	11.3	13.7	14.8	13.1
7342	2019	16	16.2	15.6	17.3	12.7	13	8.8	9.6	9.3	10.1	11.2	13.3	14.1	12.6
7342	2019	33	4.6	4	3.9	4.2	4.6	3.7	3.9	4.6	4.7	5	5	5.3	4.5
7342	2019	60	19	12	8	12	-	10	10	16	13	15	15	19	-
7342	2019	61	1.7	1.8	1.6	1.4	1.5	1.8	1.2	1.4	1.4	1.7	1.8	1.5	3.4
26170	2020	0	6.8	51.4	55.4	18.4	21.4	-	18.8	36.4	46.6	31.4	-	64.2	-
26170	2020	2	16.7	17.1	13.7	12.1	9.5	7.1	6.7	9	9.8	11.9	13.1	14.5	11.8
26170	2020	16	12.9	13.6	11.5	9.9	9.1	7.4	7.1	8.3	8.1	10	11.3	11.9	10.1
26170	2020	33	3.5	4	3.5	3.3	2.8	3	2.9	3.2	4	3.7	3.7	3.6	3.4
26170	2020	60	11	11	8	9	5	-	6	6	16	10	-	7	-
26170	2020	61	3.2	3.7	3.2	2.7	2.7	2.2	2.4	3.1	3.4	3.6	3.3	3.2	4.6
4271	2020	0	4	29	39.4	39.6	68	61.4	57	98	73	48.8	208	84	810.2
4271	2020	2	18.3	19	16.1	13.7	11.1	10.5	8.6	10	10.9	13.2	15.1	16.4	13.6
4271	2020	16	14.8	16	13.1	11.7	10.8	10.1	8.6	9.9	10.1	11.5	12.9	13.6	11.9
4271	2020	33	4.4	4.5	3.3	3.3	2.7	2.7	2.6	2.7	3.6	3.8	4	4.3	3.5
4271	2020	60	12	12	8	10	5	10	9	6	15	8	13	13	121
4271	2020	61	2.7	2.6	1.7	1.7	2.3	2	1.9	1.5	2.2	2.3	1.8	2	4
4326	2020	0	2.8	16	12	18.6	80.6	76	24.2	61.2	-	32.4	-	31.8	-
4326	2020	2	17.4	19.3	15.1	13.3	10.2	9.1	7.7	9.5	10.9	13.5	14.9	16.1	13.1
4326	2020	16	14	14.4	11.6	10.4	9.8	9.2	7.6	8.8	9.2	10.6	12.4	13	10.9
4326	2020	33	3.8	4.6	3.4	3.7	2.6	2.7	2.8	3	5	4.5	3.6	4.4	3.7
4326	2020	60	10	16	12	15	3	3	2	7	20	19	11	20	138
4326	2020	61	3.6	3.5	2.7	2	2.8	2.1	2.3	2.2	3.3	3.3	2.7	3.4	4.6
7342	2020	0	79.4	114.6	131.6	169.6	175.6	116.8	156.8	-	283.2	289.2	243.4	245	-
7342	2020	2	15.8	16.6	15.3	12.9	11.6	11.2	9.7	11	11	12.3	14.5	15.2	13.1
7342	2020	16	15.3	16.3	13.9	12.9	11.2	10	8.9	10.9	11.1	12.6	12.9	14.1	12.5
7342	2020	33	4.2	4.4	3.9	4	3.4	3.8	4.2	3.9	5.6	4.3	4.7	4.9	4.3
7342	2020	60	12	11	-	10	6	12	11	-	17	8	15	22	-
7342	2020	61	2.2	1.6	1.6	1.7	1.7	1.7	1.8	1.5	1.8	1.9	1.3	1.5	2.9
26170	2021	0	42.4	30.6	43.6	47.6	184	47	63	53.4	38.8	39.6	68	143.4	801.4
26170	2021	2	16.8	16.2	15.5	13.3	9	7.4	6.4	8.1	9.5	11.8	13.8	15.7	12
26170	2021	16	13	13.1	12.4	10.4	9.2	8.5	7.1	8	8.6	10.9	11.7	13.4	10.5
26170	2021	33	3.9	3.3	3.3	3.3	3.4	2.6	3	3.6	4	3.7	3.6	3.8	3.4
26170	2021	60	12	-	8	8	10	4	6	12	12	-	-	11	-
26170	2021	61	3	2.9	2.8	3.2	3.5	1.6	2.3	2.5	3.2	3.2	2.8	2.9	4.6
4271	2021	0	12.8	51.8	163.2	82.4	126.6	76.4	159.4	187	120.8	93	29.4	110	1212.8
4271	2021	2	17.9	17.7	16.3	14.4	11.5	10.5	8.4	9.7	10.6	13.2	15.9	18.7	13.7
4271	2021	16	14.7	15.2	14.3	12.6	10.7	10.5	9	9.5	9.5	11.8	13.5	15.5	12.2
4271	2021	33	4.2	3.7	3.6	3.1	2.9	2.5	3.4	3.3	3.8	3.8	4	4.5	3.6
4271	2021	60	14	6	11	8	8	8	14	16	16	12	12	14	139
4271	2021	61	2.1	1.7	1.5	2.1	2.8	2.1	2.2	1.9	1.7	2.2	1.8	1.4	4
4326	2021	0	14.6	19.6	86.2	17.6	82.8	77.6	161.8	95.6	68	78.2	17.8	91	810.8
4326	2021	2	18.1	17.3	15.8	13.7	10.4	9.6	8.2	8.9	10.4	13.1	16	18.4	13.3
4326	2021	16	13.7	14	13.6	12	10.1	9.7	8.4	9.1	9.3	11.9	13	14.3	11.6
4326	2021	33	4.4	3.8	3.7	3.5	3.4	2.9	3.1	3.6	4.4	3.6	4.4	4.1	3.7
4326	2021	60	-	10	11	9	11	6	8	15	15	13	15	-	-
4326	2021	61	2.8	2.6	2.8	2.7	3.2	2.6	2.9	2.5	2.7	3.2	2.8	2.4	4.5
7342	2021	0	172.4	66.6	213.6	181.4	199.2	-	-	-	180.8	210.6	229.2	250.2	-
7342	2021	2	16.1	16.7	16	13.7	11.9	11.4	9.6	10.4	10.9	12.7	14.9	16.7	13.4
7342	2021	16	15.2	15.8	15.3	13.7	12	11	9.7	10.4	10.8	12.6	14.1	16.3	13.1
7342	2021	33	5.1	4.2	4.2	3.8	4.1	4.2	4.6	4.2	5.3	4.4	4.7	4.7	4.5
7342	2021	60	15	10	12	11	10	11	12	14	17	15	-	-	-
7342	2021	61	1.7	1.7	1.1	2.2	2	2.1	1.8	2	1.5	1.8	1.6	1.6	3
26170	2022	0	68.4	125.6	36.4	18	30.4	61.2	176	59.4	26.6	35.8	67.6	66.2	771.6
26170	2022	2	16.6	15.4	14.9	11.7	10.3	7.5	6.1	8.1	9.4	10.5	14.3	15.8	11.7
26170	2022	16	14.8	14.2	13.6	11.6	9.6	7.5	7.5	8.3	9.1	9.4	11.9	13.4	10.9
26170	2022	33	3.2	3.4	3.1	2.9	2.7	3.6	3.5	3.2	3.3	3.9	3.9	3.4	3.4
26170	2022	60	2	7	4	7	5	12	10	6	8	14	11	6	92
26170	2022	61	2.5	3.5	2.3	2.4	2.5	2.8	2	3.2	3.1	3.5	2.5	2.7	4.4
4271	2022	0	27	180.6	35.6	31	100.6	172.2	233.2	305.2	91	16.8	-	62.4	-
4271	2022	2	19.1	18.4	17.2	14.9	12.7	9.6	9.2	9.9	11.1	12.7	15.7	17.6	14
4271	2022	16	15.4	16.4	14.9	13.3	12.2	10.1	9.3	10.2	10.5	10.6	13.4	14.7	12.6
4271	2022	33	3.7	4	2.7	3	2.6	2.8	2.9	3	3.2	4.4	4.3	3.7	3.4
4271	2022	60	8	9	3	6	7	11	10	7	10	15	-	9	-
4271	2022	61	1.8	1.8	1.9	2	2.5	2.1	2	2.7	2	2.4	1.7	1.7	4
4326	2022	0	11.6	182.2	27.8	15.4	-	116.8	268.8	-	64.8	29.4	-	61.4	-
4326	2022	2	18.3	17.1	15.8	14.1	12	8.7	8.2	9.8	10.7	12.2	15.8	16.3	13.2
4326	2022	16	14.6	15	14.2	12.5	11	8.8	8.4	9.6	9.8	9.7	12.8	14.7	11.8
4326	2022	33	3.6	3.5	2.7	3.1	3.2	3.2	3	3.4	3.6	4.2	4.3	3.2	3.4
4326	2022	60	10	8	7	9	-	10	8	-	9	16	-	5	-
4326	2022	61	2.7	3	2.7	2.9	3.3	2.6	2.4	3.5	2.8	3.5	2.1	2.6	4.4
7342	2022	0	45.4	609.8	73.8	140	364.4	253	219.6	299.4	135.8	208.8	245	71.6	2666.6
7342	2022	2	17.6	18.1	17.7	15.1	13.4	10.5	10	11	11.4	12.4	14.6	16.9	14.1
7342	2022	16	16.6	17	15.5	14.4	13.7	10.5	9.8	11	11.2	12	14.2	15.6	13.4
7342	2022	33	4.1	4.5	3.8	3.8	4.1	5.4	4.8	4.7	4.2	4.7	4.8	4.3	4.4
7342	2022	60	11	11	8	8	-	15	14	13	13	11	15	10	-
7342	2022	61	1.2	1.9	1.1	1.6	2.1	1.5	1.8	2.1	1.9	2.3	1.6	1.8	3.4
26170	2023	0	33.8	67	112.2	49.8	51.6	46.8	147.4	11.8	35	65.2	82.8	40.4	743.8
26170	2023	2	16.9	17.7	14.6	12.6	11	7.5	6.6	6.9	10.7	11.5	12.9	16	12.1
26170	2023	16	14.6	14.6	12.3	11.6	10.6	8.4	7.2	7.1	8.9	9.5	11.3	13.7	10.8
26170	2023	33	3.3	3.8	3.8	3.1	3.4	2.8	3	3.5	4.3	4.4	3.4	3.7	3.6
26170	2023	60	4	10	7	8	9	4	11	-	16	11	8	10	-
26170	2023	61	2.7	4.2	3.6	2.1	2.7	2.6	2.3	2.1	3.4	3	3.3	3.1	4.7
4271	2023	0	75	73.8	52.8	111.2	220.8	83.8	-	71.2	79	36.2	-	65.2	-
4271	2023	2	19.1	19.1	16.8	14.7	13.2	10.3	9.1	8	12	12.9	15.2	18	14
4271	2023	16	16	15.9	13.7	13.2	12.8	9.7	8.2	8.5	10.9	11.1	12.4	15.7	12.3
4271	2023	33	3	4.1	3.7	3.2	3.4	2.1	3.6	2.4	4.3	4.1	3.9	4.8	3.6
4271	2023	60	5	12	-	13	12	3	-	4	17	14	-	16	-
4271	2023	61	1.5	2	2.5	1.7	2.8	2	2.1	1.8	1.6	1.9	2	1.9	4.1
4326	2023	0	63.6	55.4	54	72.4	-	37.4	45	44.2	58	55.2	-	32.8	-
4326	2023	2	17.4	18.4	16.1	14	12.4	9.2	8	7.4	11.9	12.5	14.7	17.6	13.3
4326	2023	16	15	15.5	12.9	12.7	11.8	8.7	7.7	7.7	9.9	10.4	11.4	14	11.5
4326	2023	33	3	3.5	3.4	2.8	2.6	2.7	3.4	2.8	4.7	4.3	4	4.8	3.5
4326	2023	60	7	11	12	5	-	2	13	3	16	16	-	24	-
4326	2023	61	1.9	2.9	3.3	2.3	3.2	2.5	1.7	2.1	2.6	2.6	3	3.2	4.4
7342	2023	0	69.8	87.4	251.6	258	-	144.2	198	161.6	214	165.4	97.8	296.6	-
7342	2023	2	19.7	19	15.6	14.4	13.5	11.2	9.7	8.8	11.8	11.6	13.8	15.7	13.7
7342	2023	16	17.1	16	14.6	13.7	13.1	9.7	9.7	9	11.3	11.5	12.7	15.3	12.8
7342	2023	33	4.1	4.7	4.5	4.3	4.6	3.8	3.9	3.7	5.2	5.2	4.4	4.8	4.4
7342	2023	60	8	12	16	11	-	7	13	9	15	19	14	14	-
7342	2023	61	1.7	2	2.1	1.6	2.7	2.3	1.5	1.4	1.5	1.4	1.1	2	3.7
26170	2024	0	35.2	35	35.6	-	39.2	-	-	-	-	-	-	-	-
26170	2024	2	17.6	16.2	13.4	12.4	7	6.7	6.5	-	-	-	-	-	-
26170	2024	16	13.7	12.8	11.1	10.5	7.8	7.6	7.2	-	-	-	-	-	-
26170	2024	33	4.2	3.5	3.8	3.4	2.7	2.7	2.7	-	-	-	-	-	-
26170	2024	60	10	10	14	-	5	-	-	-	-	-	-	-	-
26170	2024	61	3.6	3	3.3	3.2	1.6	2.4	2.6	-	-	-	-	-	-
4271	2024	0	51.6	-	22.2	77.4	22	139	-	-	-	-	-	-	-
4271	2024	2	19.3	18.1	15.9	14.3	10.2	9.8	8.7	-	-	-	-	-	-
4271	2024	16	16.1	13.8	11.9	12.6	9.2	9.5	9	-	-	-	-	-	-
4271	2024	33	4.3	4	3.9	3.6	2.7	2.3	2.3	-	-	-	-	-	-
4271	2024	60	12	11	12	12	8	6	-	-	-	-	-	-	-
4271	2024	61	2.1	1.6	2.4	2	1.8	1.8	1.7	-	-	-	-	-	-
4326	2024	0	15.4	24	45	114.8	23.2	95.4	56.8	-	-	-	-	-	-
4326	2024	2	19.3	18.1	14.8	13.1	8.7	8.5	7.8	-	-	-	-	-	-
4326	2024	16	14.2	12.9	10.9	11.2	8.4	8.6	7.9	-	-	-	-	-	-
4326	2024	33	4.5	4.3	4	3.4	2.7	2.6	2.3	-	-	-	-	-	-
4326	2024	60	16	17	17	10	3	1	2	-	-	-	-	-	-
4326	2024	61	3.1	2.3	3.3	2.5	2.2	2.1	1.9	-	-	-	-	-	-
7342	2024	0	174.8	124.4	134.4	179.8	107.4	177	164	-	-	-	-	-	-
7342	2024	2	17.1	15.4	14.1	13.7	10.8	10.5	9.8	-	-	-	-	-	-
7342	2024	16	15.6	14.1	13.4	13.3	10.3	10.1	9.5	-	-	-	-	-	-
7342	2024	33	4.3	4.2	3.9	4.1	3.2	3.7	3.5	-	-	-	-	-	-
7342	2024	60	12	12	14	12	7	-	6	-	-	-	-	-	-
7342	2024	61	2	1.3	1.6	2.1	1.5	1.5	1.5	-	-	-	-	-	-